>structures/1b35A.pdb
 0.910154  0.413715 -0.021454   -15.823079
 0.400138 -0.891337 -0.213092    84.584488
-0.107282  0.185362 -0.976797    87.129202
>structures/1bbt2.pdb
 1.000000 -0.000000  0.000000     0.000000
 0.000000  1.000000  0.000000     0.000000
-0.000000  0.000000  1.000000     0.000000
>structures/1bev2.pdb
-0.998990 -0.041252  0.017806    89.022332
 0.026360 -0.859033 -0.511242   100.367335
 0.036385 -0.510256  0.859253    28.347323
>structures/1d4m2.pdb
 0.995977 -0.084468 -0.029919     6.423817
 0.061708  0.888599 -0.454515    19.673147
 0.064978  0.450840  0.890237   -18.724029
>structures/1mec1.pdb
-0.757522 -0.536055  0.372565   103.903008
-0.604447  0.360385 -0.710469   102.393897
 0.246584 -0.763392 -0.597017    94.326771
